1189641421  7  719885386  1  1804289383  20  10  1783109886433737406
1025202362  7  719885386  2  846930886  25  0  1783109886433780563
1350490027  7  719885386  3  1681692777  30  0  1783109886433796719
783368690  7  719885386  4  1714636915  35  0  1783109886433810964
1102520059  7  719885386  5  1957747793  40  0  1783109886433824921
2044897763  8  1649760492  2  846930886  25  10  1783109886433839023
1967513926  8  1649760492  3  1681692777  30  0  1783109886433853103
1365180540  8  1649760492  4  1714636915  35  0  1783109886433867122
1540383426  8  1649760492  5  1957747793  40  0  1783109886433882600
304089172  9  596516649  3  1681692777  30  5  1783109886433896691
1303455736  9  596516649  4  1714636915  35  0  1783109886433910576
35005211  9  596516649  5  1957747793  40  0  1783109886433925232
1189641421  7  719885386  1  1804289383  20  10  1783111066701112501
1025202362  7  719885386  2  846930886  25  0  1783111066701644549
1350490027  7  719885386  3  1681692777  30  0  1783111066701678934
783368690  7  719885386  4  1714636915  35  0  1783111066701707669
1102520059  7  719885386  5  1957747793  40  0  1783111066701735992
2044897763  8  1649760492  2  846930886  25  10  1783111066701785433
1967513926  8  1649760492  3  1681692777  30  0  1783111066701815259
1365180540  8  1649760492  4  1714636915  35  0  1783111066701844024
1540383426  8  1649760492  5  1957747793  40  0  1783111066701873665
304089172  9  596516649  3  1681692777  30  5  1783111066701902183
1303455736  9  596516649  4  1714636915  35  0  1783111066701930516
35005211  9  596516649  5  1957747793  40  0  1783111066701958736
1189641421  7  719885386  1  1804289383  20  10  1783111310211790748
1025202362  7  719885386  2  846930886  25  0  1783111310211838488
1350490027  7  719885386  3  1681692777  30  0  1783111310211871354
783368690  7  719885386  4  1714636915  35  0  1783111310211903346
1102520059  7  719885386  5  1957747793  40  0  1783111310211935327
2044897763  8  1649760492  2  846930886  25  10  1783111310211968615
1967513926  8  1649760492  3  1681692777  30  0  1783111310212001337
1365180540  8  1649760492  4  1714636915  35  0  1783111310212032948
1540383426  8  1649760492  5  1957747793  40  0  1783111310212064672
304089172  9  596516649  3  1681692777  30  5  1783111310212096694
1303455736  9  596516649  4  1714636915  35  0  1783111310212128397
35005211  9  596516649  5  1957747793  40  0  1783111310212160152
1189641421  7  719885386  1  1804289383  20  10  1783111318865920633
1025202362  7  719885386  2  846930886  25  0  1783111318865977781
1350490027  7  719885386  3  1681692777  30  0  1783111318866039314
783368690  7  719885386  4  1714636915  35  0  1783111318866077523
1102520059  7  719885386  5  1957747793  40  0  1783111318866115104
2044897763  8  1649760492  2  846930886  25  10  1783111318866159180
1967513926  8  1649760492  3  1681692777  30  0  1783111318866196689
1365180540  8  1649760492  4  1714636915  35  0  1783111318866224625
1540383426  8  1649760492  5  1957747793  40  0  1783111318866252530
304089172  9  596516649  3  1681692777  30  5  1783111318866281351
1303455736  9  596516649  4  1714636915  35  0  1783111318866309256
35005211  9  596516649  5  1957747793  40  0  1783111318866337172
1189641421  7  719885386  1  1804289383  20  10  1783111541288487616
1025202362  7  719885386  2  846930886  25  0  1783111541288529955
1350490027  7  719885386  3  1681692777  30  0  1783111541288559403
783368690  7  719885386  4  1714636915  35  0  1783111541288587709
1102520059  7  719885386  5  1957747793  40  0  1783111541288616518
2044897763  8  1649760492  2  846930886  25  10  1783111541288644906
1967513926  8  1649760492  3  1681692777  30  0  1783111541288673026
1365180540  8  1649760492  4  1714636915  35  0  1783111541288702175
1540383426  8  1649760492  5  1957747793  40  0  1783111541288767517
304089172  9  596516649  3  1681692777  30  5  1783111541288796481
1303455736  9  596516649  4  1714636915  35  0  1783111541288825188
35005211  9  596516649  5  1957747793  40  0  1783111541288852988
1189641421  7  719885386  1  1804289383  20  10  1783111636419350761
1025202362  7  719885386  2  846930886  25  0  1783111636419403463
1350490027  7  719885386  3  1681692777  30  0  1783111636419431825
783368690  7  719885386  4  1714636915  35  0  1783111636419459465
1102520059  7  719885386  5  1957747793  40  0  1783111636419488889
2044897763  8  1649760492  2  846930886  25  10  1783111636419517190
1967513926  8  1649760492  3  1681692777  30  0  1783111636419545181
1365180540  8  1649760492  4  1714636915  35  0  1783111636419573171
1540383426  8  1649760492  5  1957747793  40  0  1783111636419600853
304089172  9  596516649  3  1681692777  30  5  1783111636419629194
1303455736  9  596516649  4  1714636915  35  0  1783111636419657412
35005211  9  596516649  5  1957747793  40  0  1783111636419685042
1189641421  7  719885386  1  1804289383  20  10  1783111946132193311
1025202362  7  719885386  2  846930886  25  0  1783111946132236320
1350490027  7  719885386  3  1681692777  30  0  1783111946132265359
783368690  7  719885386  4  1714636915  35  0  1783111946132293453
1102520059  7  719885386  5  1957747793  40  0  1783111946132322431
2044897763  8  1649760492  2  846930886  25  10  1783111946132350432
1967513926  8  1649760492  3  1681692777  30  0  1783111946132476314
1365180540  8  1649760492  4  1714636915  35  0  1783111946132507163
1540383426  8  1649760492  5  1957747793  40  0  1783111946132535000
304089172  9  596516649  3  1681692777  30  5  1783111946132610543
1303455736  9  596516649  4  1714636915  35  0  1783111946132643006
35005211  9  596516649  5  1957747793  40  0  1783111946132671274
1189641421  7  719885386  1  1804289383  20  10  2026-07-03 21:11:16.235555665
1025202362  7  719885386  2  846930886  25  0  2026-07-03 21:11:16.235606698
1350490027  7  719885386  3  1681692777  30  0  2026-07-03 21:11:16.235645382
783368690  7  719885386  4  1714636915  35  0  2026-07-03 21:11:16.235683554
1102520059  7  719885386  5  1957747793  40  0  2026-07-03 21:11:16.235722269
2044897763  8  1649760492  2  846930886  25  10  2026-07-03 21:11:16.235760615
1967513926  8  1649760492  3  1681692777  30  0  2026-07-03 21:11:16.235799524
1365180540  8  1649760492  4  1714636915  35  0  2026-07-03 21:11:16.235837830
1540383426  8  1649760492  5  1957747793  40  0  2026-07-03 21:11:16.235876186
304089172  9  596516649  3  1681692777  30  5  2026-07-03 21:11:16.235914379
1303455736  9  596516649  4  1714636915  35  0  2026-07-03 21:11:16.235952540
35005211  9  596516649  5  1957747793  40  0  2026-07-03 21:11:16.235990610
1714636915  2  1681692777  1  846930886  105  20  2026-07-04 07:28:21.556861606
1714636915  2  1681692777  1  846930886  105  20  2026-07-04 07:28:35.936085479
1714636915  2  1681692777  1  846930886  105  20  2026-07-04 07:29:29.514341159
1714636915  2  1681692777  1  846930886  105  20  2026-07-04 07:30:05.391335695
1714636915  2  1681692777  1  846930886  105  20  2026-07-04 07:31:03.854180832
1714636915  2  1681692777  1  846930886  105  20  2026-07-04 08:09:44.490278178
1714636915  2  1681692777  1  1804289383  100  20  2026-07-04 08:12:08.562117055
1714636915  2  1681692777  1  1804289383  100  20  2026-07-04 08:12:28.676924187
1681692777  2  846930886  1  1804289383  100  20  2026-07-04 08:45:19.764246294
1681692777  2  846930886  1  1804289383  100  20  2026-07-04 08:46:34.813867189
1714636915  2  1681692777  1  846930886  100  20  2026-07-04 08:46:46.322885971
1714636915  2  1681692777  1  846930886  100  20  2026-07-04 17:40:04.136749300
1714636915  2  1681692777  1  846930886  100  20  2026-07-04 17:40:56.580002861
1714636915  2  1681692777  1  846930886  100  20  2026-07-04 17:42:52.172785888
424238335  2  1957747793  1  1681692777  100  20  2026-07-04 17:48:39.536654464
596516649  2  1649760492  1  719885386  100  100  2026-07-04 17:48:39.538732879
1649760492  2  719885386  1  424238335  100  20  2026-07-05 09:44:50.187095032
1350490027  2  1189641421  1  1025202362  100  100  2026-07-05 09:44:50.189271971
424238335  2  1957747793  1  1681692777  100  20  2026-07-05 09:45:40.206019368
596516649  2  1649760492  1  719885386  100  100  2026-07-05 09:45:40.207552355
424238335  2  1957747793  1  1681692777  100  20  2026-07-05 10:01:47.252950222
596516649  2  1649760492  1  719885386  100  100  2026-07-05 10:01:47.255160190
1350490027  2  1025202362  1  1189641421  100  100  2026-07-05 10:01:47.257039723
424238335  1  1681692777  2  1957747793  100  20  2026-07-05 10:05:15.730859346
596516649  1  719885386  2  1649760492  100  100  2026-07-05 10:05:15.732466752
1350490027  1  1189641421  2  1025202362  100  100  2026-07-05 10:05:15.734543176
424238335  1  1681692777  2  1957747793  100  20  2026-07-05 10:05:45.464551285
596516649  1  719885386  2  1649760492  100  100  2026-07-05 10:05:45.466173246
1350490027  1  1189641421  2  1025202362  100  100  2026-07-05 10:05:45.468754564
424238335  1  1681692777  2  1957747793  100  20  2026-07-05 10:06:00.817850867
596516649  1  719885386  2  1649760492  100  100  2026-07-05 10:06:00.820275558
1350490027  1  1189641421  2  1025202362  100  100  2026-07-05 10:06:00.821962887
424238335  1  1681692777  2  1957747793  100  20  2026-07-05 10:08:07.348649667
596516649  1  719885386  2  1649760492  100  100  2026-07-05 10:08:07.350494437
1350490027  1  1189641421  2  1025202362  100  100  2026-07-05 10:08:07.351921729
2044897763  1  783368690  2  1102520059  100  100  2026-07-05 10:08:07.352150925
424238335  1  1681692777  2  1957747793  100  20  2026-07-05 10:08:54.659348116
596516649  1  719885386  2  1649760492  100  100  2026-07-05 10:08:54.661049530
1350490027  1  1189641421  2  1025202362  100  100  2026-07-05 10:08:54.662662579
2044897763  1  783368690  2  1102520059  100  100  2026-07-05 10:08:54.663110558
424238335  1  1681692777  2  1957747793  100  20  2026-07-05 10:10:03.269659196
596516649  1  719885386  2  1649760492  100  100  2026-07-05 10:10:03.271180348
1350490027  1  1189641421  2  1025202362  100  100  2026-07-05 10:10:03.272429422
2044897763  1  783368690  2  1102520059  100  100  2026-07-05 10:10:03.273212358
424238335  1  1681692777  2  1957747793  100  20  2026-07-05 10:11:15.355814778
596516649  1  719885386  2  1649760492  100  100  2026-07-05 10:11:15.357447728
1350490027  1  1189641421  2  1025202362  100  100  2026-07-05 10:11:15.359008182
2044897763  1  783368690  2  1102520059  100  100  2026-07-05 10:11:15.359708087
424238335  1  1681692777  2  1957747793  100  20  2026-07-05 10:11:29.121618163
596516649  1  719885386  2  1649760492  100  100  2026-07-05 10:11:29.123568052
1350490027  1  1189641421  2  1025202362  100  100  2026-07-05 10:11:29.124885486
2044897763  1  783368690  2  1102520059  100  100  2026-07-05 10:11:29.125320335
424238335  1  1681692777  2  1957747793  100  20  2026-07-05 10:31:53.885483135
596516649  1  719885386  2  1649760492  100  100  2026-07-05 10:31:53.887863021
1350490027  1  1189641421  2  1025202362  100  100  2026-07-05 10:31:53.889480215
2044897763  1  783368690  2  1102520059  100  100  2026-07-05 10:31:53.889730004
424238335  1  1681692777  2  1957747793  100  20  2026-07-05 10:33:49.943615697
596516649  1  719885386  2  1649760492  100  100  2026-07-05 10:33:49.945091055
1350490027  1  1189641421  2  1025202362  100  100  2026-07-05 10:33:49.946938518
2044897763  1  783368690  2  1102520059  100  100  2026-07-05 10:33:49.947230382
596516649  1  719885386  2  1649760492  100  100  2026-07-05 10:37:24.857336226
1350490027  1  1189641421  2  1025202362  100  100  2026-07-05 10:37:24.857562126
596516649  1  719885386  2  1649760492  100  100  2026-07-05 10:37:42.106460170
1350490027  1  1189641421  2  1025202362  100  100  2026-07-05 10:37:42.106728661
596516649  1  719885386  2  1649760492  100  100  2026-07-05 10:38:05.678628065
1350490027  1  1189641421  2  1025202362  100  100  2026-07-05 10:38:05.679220276
783368690  1  1025202362  2  1350490027  100  20  2026-07-05 10:40:31.739165542
596516649  1  719885386  2  1649760492  100  100  2026-07-05 10:41:01.445619706
1350490027  1  1189641421  2  1025202362  100  100  2026-07-05 10:41:01.445981984
2044897763  1  783368690  2  1102520059  100  20  2026-07-05 10:41:01.446198562
424238335  1  1681692777  2  1957747793  100  20  2026-07-05 10:50:13.027305746
596516649  1  719885386  2  1649760492  100  100  2026-07-05 10:50:13.028709548
1350490027  1  1189641421  2  1025202362  100  100  2026-07-05 10:50:13.030306555
2044897763  1  783368690  2  1102520059  100  100  2026-07-05 10:50:13.030626218
1540383426  1  1967513926  2  1365180540  100  20  2026-07-05 10:50:13.030764547
